1.0641311663022623
1.0531245148968127
1.053080401466804
1.039823024407541
1.0167347353800416
0.9961187791808838
0.9813437916366806
0.9512313779901744
0.9347810349246117
0.9014990410098226
0.8817777732243129
0.8642837692261888
0.8534833979920377
0.8383562526076412
0.8306282289305512
0.8324887411427422
0.831564149158239
0.8312778863241599
0.8387248740032944
0.8471853899262011
0.865708832009938
0.889146594411886
0.9147563876996847
0.932520246343214
0.9597466331451339
0.9769513384053241
0.9964855509734506
1.0161332035567312
1.0333310347213633
1.0499070059178373
1.0669051685166888
1.0757948628347127
1.078368909609445
1.077572908337275
1.0780559257403477
1.0685170465526599
1.0583537073969174
1.0581215028532747
1.0383333050972674
1.0108425835320616
0.9896053659418497
0.9651954680019977
0.9396592641076665
0.9049036951368583
0.8712205059170448
0.8393728633656058
0.8105366324907942
0.7844701227551398
0.7596367266551948
0.7486655875801945
0.7387981153954142
0.7358693391183798
0.7408210564750229
0.7288261503726595
0.7492883924813818
0.7626856084909632
0.7726428159012153
0.7725759900493784
0.8024483957968429
0.8109050549236152
0.8212947304542059
0.8125381709618622
0.8158772595931509
0.8161646147508734
0.8675303560017821
0.8704635418030877
0.8880742187452066
0.904388126063163
0.8934507114465176
0.9117438026857559
0.9087378887035383
0.8975875851334107
0.9062239393130793
0.8929845395259057
0.8435639017472573
0.8243444830431823
0.8737415857892393
0.8779905041911467
0.8719052197578819
0.8834614422823615
0.9062042218865315
0.910086498644314
0.9074186188887748
0.9002026480174472
0.8956710622799966
0.8658595909220925
0.8635800745737884
0.7756540009023657
0.800472159755961
0.7812725077040673
0.7772848084422181
0.7624916764091555
0.7337847064706978
0.7211218281133064
0.7193535666901476
0.719877042452079
0.7234159359448914
0.7232891291075918
0.712621433162533
0.7273591237202769
0.7431122713953214
0.7611284864959073
0.7897512415099016
0.8144934616775446
0.8344526344782123
0.8432867612324698
0.8622354698074828
0.8739317351183336
0.8784617560692457
0.8815327660613373
0.8833717613636279
0.882857358008562
0.8856462931668339
0.8869251179288691
0.8880439374973572
0.8888270275523592
0.8873215369455248
0.8874792570376107
0.8864943678140491
0.8876262438893339
0.8899201997765399
0.8897625924834871
2.5581724602803226
0.8914079538886206
0.8896720579251592
0.8883126152647275
0.8875072890579192
0.8780856929186862
0.8634278582086007
0.8555483950471537
0.8510188552954915
0.8382952974021356
0.8227727500785683
0.8122586120163505
0.8036623662019834
0.8019387001528385
0.7946212600269835
0.7948459312644852
0.7988163359488506
0.8056764704495439
0.8634368057982221
0.8192939127658379
0.813565161099898
0.8535545009097892
0.8509730127161818
0.863613737404154
0.9344099237898912
0.9406275317271717
0.9252531184915506
0.9235116207030928
0.9256061720666751
0.8467672994620653
0.8409180322042699
0.8475014741045286
0.7822222560585366
0.798254393257052
0.8306593466933285
0.830519399604001
0.7878833900335211
0.793567648374648
0.8314481982903391
0.8024827967329627
0.8142956544179214
0.8274892357650474
0.8400168959223334
0.8491348279273555
0.8515684159726878
0.8506212910740574
0.8430349767834794
0.8372225194333474
0.8337906310015414
0.8299753266650113
0.8338388072376018
0.835880509477463
0.8387027645706648
0.8411708490934866
0.8427182254407919
0.843245906479742
0.8509869889251787
0.8610650265505588
0.8655618093757964
0.870336362991202
0.8713172590591983
0.8702315922946072
0.863900079600915
0.855296593576617
0.840035526889021
0.830609790297151
0.8155519663888811
0.8006474217924512
0.7873005003629493
0.7732297617554816
0.7661456599328805
0.7576655124480058
0.7536201880392601
0.7583224475621122
0.7999059654547206
0.8002435724894625
0.8002188798845977
0.864901720449385
0.8490463613239744
0.8449700247372116
1.1121886277537136
1.1096006585454559
1.0914733916549189
1.089305670044954
1.084085322931601
1.0834816768045936
1.0758117167127443
1.1006902777362448
1.0591583153890054
0.9055917271457804
0.8640974783167484
0.807030417105547
0.7825723347896868
0.762418308977811
0.7322686554039619
0.7320569663217271
0.7399360055102633
0.7505410780807803
0.8029118939116912
0.8146302643440619
0.7862026245145871
0.806277559539159
0.8298105949650675
0.8464394779779281
0.8627470082742257
0.8709993320588478
0.8754031329207071
0.8789545318714057
0.8807376197484341
0.8821974784820777
0.8822125254122556
0.884321418663839
0.8852851978750913
0.8869088049317544
0.8897498212487068
0.889608570053375
0.8887560780929995
0.8867517843029474
0.884362880125944
0.8763772230080868
0.8584757960661059
0.8438949768251924
0.8288280104036033
0.8226153231716419
0.8102498108050049
0.7954461973967232
0.7873978366289043
0.7748421245643645
0.7512230038087779
0.769844097820776
0.78571294870945
0.7811012890095151
0.7813574000103973
0.819379689577305
0.8477616893813025
0.8449127508182075
0.8348513930153015
0.8540069775034692
0.8536923986301199
0.8980769705516126
0.9068809674456199
0.9044861426255949
0.8917449130838128
0.9040659227088477
0.9114671034770642
0.8974468218734911
0.7899735452987768
0.7333057131156798
0.7368485446132879
0.7852779388693291
0.7916423485340467
0.7883774177713796
0.776636813762149
0.7602665079594652
0.7467745756039474
0.7468462441997956
0.7286638136937676
0.7360288129006126
0.7376512729873284
0.7530142868484925
0.7687015272775316
0.7779271753780583
0.7931899091462176
0.8101917689466339
0.8198848181823799
0.8263781060420615
0.8326075166442769
0.8312194446374542
0.830715608727487
0.8307470724170433
0.8328704005974228
2.652052614117928
0.838721095887229
0.8383547654291278
0.8448741212637655
0.8453616735294764
0.8460306617073308
0.8476660761878034
0.8455826650124856
0.8418548964301813
0.8335566356726898
0.8311251571476953
0.8204853886890222
0.8008519366076856
0.802900675154629
0.7916828054545578
0.7826677893391941
0.7808039791569479
0.7579003931809805
0.7605899670601266
0.7602519736002272
0.7573760050627004
0.7710845508709254
0.7877241319948137
0.8021428955845358
0.8025432292569741
0.7872923350721021
0.8349710831275982
0.915175419404446
0.9092841656389669
0.9952551640494062
0.8863501104393879
0.9766240574114526
0.9958134271447784
1.011162148874809
1.0194476168030302
1.0000485758965314
0.9868667440831894
0.997864872833841
1.0045739903947346
0.9931863414276273
0.8771230733963219
0.8632529597432007
0.9054605343872699
0.9091630759746324
0.9092024217226572
0.8945467164565009
0.8793200195934311
0.8179567883837853
0.8419410821244642
0.7860301159235635
0.7559946697359464
0.7471802258149907
0.7363313966946271
0.7400338950209596
0.7526643922616423
0.7638307797120423
0.780885542580522
0.7930671560914827
0.8057952107644359
0.818608967437478
0.8247404265845837
0.8351661296841042
0.8374830005995646
0.8411906940299897
0.8410579211567423
0.8422548799247583
0.8418280918527302
0.8418005812752535
0.8397986935982824
0.8378803444723009
0.8347269976232583
0.8295573904604384
0.8206357293214983
0.8073501237151247
0.7873203320119616
0.7804191046372787
0.7653745793210418
0.7415745890365316
0.7378278511623054
0.7178504489140213
0.7161061056208732
0.7129596639648317
0.7224498748632301
0.7404012625545718
0.7402176709558508
0.7827737813100678
0.8225407473878968
0.849627987829669
0.8935198371407845
0.9060702363475469
0.9411027103436438
0.9893414416603545
0.9983335931709134
0.9900992493937846
1.0059450766277918
0.9937779323734102
0.998494003724509
1.0370606158442623
1.047012131407299
1.0466355028772891
1.0168113539105303
1.0199168698895538
1.0191409525400539
0.9792881453945137
0.9794871289534995
0.958256840412231
0.8395499296401364
0.8796237652992283
0.8143082828892991
0.8411899644895814
0.7826365002694583
0.7764622192591055
0.76699731758021
0.7468169673441966
0.7384501775202311
0.7400918346580161
0.7488242545360856
0.7702746943873637
0.7845422329849353
0.8031155089556441
0.817606596081171
0.8371404873694885
0.8523013879967272
0.8541706218423598
0.8500571013518047
0.8547362099865761
0.8563404502406871
0.8575423769897554
0.8582214753595298
0.855014496555569
0.8535362985633943
0.8508102960196767
0.8476779811247849
0.838188133617319
0.8283989500073883
0.8133259936139309
0.8030177723550357
0.7945629243253448
0.7748731143892352
0.7602277327538189
0.7543309963924648
0.7477476874439909
0.751719662978373
0.7488311704664918
0.7490768321345993
0.7493941750308016
0.7712004515117106
0.7823694919707944
0.807710418629599
0.8250171714755012
0.8250384428797392
0.8512286463974865
0.8399487737834634
0.9514241542743574
0.8438780740471441
0.8587213890111743
0.8539343204560071
0.8504032884106383
0.8261586495742622
0.8171534011454482
0.7955881553065551
0.7227047712758534
0.7274336841140436
0.723013661514545
0.7228513452087101
0.7231725062314991
2.7574197814735766
0.7348361255266441
0.718424793565498
0.7076733024818996
0.6973141967356719
0.6967903485139052
0.7008309604050829
2.7574197814735766
0.7178002625384866
2.5617828376866703
0.7330529247803235
0.7327988562658663
0.7293589227739646
0.7274390664011844
0.7202752159082055
0.7162215812868169
0.7117358189153099
0.699974513478623
0.7000948888072377
0.6924006508200691
0.6863616696368535
0.6804237012619784
0.6742702544441976
0.6667042411352846
0.6569216592027629
2.7574197814735766
0.6400297288893271
0.6288026439004003
0.6106744661528166
2.7574197814735766
0.5947626205936498
0.5845084343279522
0.576983839937025
0.5761813483054713
0.5792235608812457
0.5875820285738647
0.6053366688098327
0.6275456028151281
0.6278347068427437
0.6482649595881369
0.6880704323139284
0.7277810423465472
0.6559249816386257
0.7534593892324044
0.6694281759042513
0.7367257836892719
0.7589796712927851
0.8579730630216692
0.8985410674158458
0.9005226907027153
0.9048227762678
0.7636891597635953
0.75426204490483
0.7588521943019437
0.7537321108247358
0.7447444994669721
0.7364290768392167
0.7021910002484775
0.7022886497948473
0.6658094773496244
0.6321696315608478
0.6381011478891683
0.6258439239938962
0.7161840039601498
0.6707949952492659
0.6493684398766851
0.6218553942950117
0.6062414733696729
0.5896678685018527
0.5822483540545729
0.5818803830349
0.5847423077557673
0.5919506661178354
0.6016756395405454
0.606609221594012
0.6151425262996699
0.6199648285215189
0.6298220275264942
0.6301109482797521
0.6395915258594402
0.6565016716020873
0.6630122815562822
0.6690482730824252
0.6845402700140707
0.7009249963724307
0.7093829273258495
0.7132865945299616
0.7136470526101714
0.7147602721019682
0.7115394920642824
0.7080919601852158
0.6974131009715856
0.6822900811670923
0.6777532448730553
0.6694962839624424
0.6629688213424781
0.659830574947324
0.6567130280915148
0.6567510095957029
0.6660918131161011
0.676400734777853
0.6827234130550435
0.710827674112331
0.7300108527495547
0.7563260847009953
0.7247442718370731
0.7195927112646735
0.7003871385231847
0.7948091336098478
0.7813699364865525
0.7834802792666021
0.8044628508584467
0.7856805610618697
0.791833708832507
0.7952838655170302
0.81618787479621
0.8402136932570439
0.8088003034730408
0.8073506113573438
0.8026243983338691
0.8121987615884348
0.7070271829782993
0.6951804462116606
0.7050312705949903
0.7004725609652922
0.7232918265825224
0.7202130476389405
0.7204016979631159
0.7012051388079845
0.6940465770409815
0.691669900331642
0.6944363491037207
0.7033325704124129
0.7166303138846112
0.7379508437500125
0.7565091410338145
0.7615450052939545
0.7756988561120259
0.7761535552287581
0.7804442916435481
0.7844379764906858
0.788246617289432
0.7881032821556556
0.7889849639892057
0.7814505712693042
0.7803689295492553
0.783920081649159
0.7740144675476187
0.7643198982921868
0.7435756436132074
0.7275696152155452
0.7174436390807913
0.7037187313334068
0.690341013463107
0.6844794251825422
0.6752191231461335
0.6748572367952052
0.6705039628013075
0.6710458042216491
0.6741680665905735
0.6955792783363467
0.7330353877354
0.7341416968710989
0.7101536759365416
0.8368872586389927
0.8213860249600381
0.8083258514210211
0.8059725499989067
0.8507918440366288
0.8535373206776089
0.8429883602120471
0.8655788753638661
0.8601739200965244
0.8503705009167637
0.8231643745333119
0.8178557081950548
0.8216520052508797
0.8202672687231148
0.8202007387321737
0.7648586193729661
0.7230651671442723
0.7156967416727104
0.7223690466703134
0.7181244882563297
0.700314062044261
0.6885690773613637
0.6757166049744191
0.6684511603373215
0.6640972318840909
0.6686172028607278
0.6662094200835613
0.6759992833968154
0.686594140316707
0.6945032403592677
0.7136619312075092
0.7251551198793875
0.7396639965368587
0.7517196706482749
0.751824275837351
0.7631911547492809
0.7703404814803086
0.7738871539926656
0.7790431374961598
0.7784694329725022
0.7764473728034478
0.7689349773174964
0.7587752945923826
0.7485170972843941
0.741339295019488
0.7289904372648729
0.7095310311699595
0.7005769180266722
0.6879733973138095
0.6771572741660807
0.6792888237935298
0.6828636813547351
0.6904799840096912
0.7012800836396799
0.701179688578313
0.7207487587452803
0.7068666709887451
0.8292329749831487
0.8206920383349349
0.8122077033730704
0.8427828580692808
0.8463723013307832
0.8576032330091086
0.849261932876288
0.8493671893644873
0.8404755211019699
0.8349554625574167
0.8314688504607497
0.8289721837641927
0.8253242952566691
0.8279464976773595
0.8259170520657196
0.8209830164514649
0.8129363330829198
0.8130358591521469
0.731029081474924
0.7966506449930293
0.6864321273461019
0.6757580640903189
0.6747484998349942
0.6752438238389652
0.6668815980902341
0.6669061561319938
0.6813265093289578
0.6847389040448661
0.6964790270116887
2.7574197814735766
0.7323791799073676
0.7611485973944466
0.7819893533108291
0.8003280712740822
0.8095312025618726
0.8192928938763775
0.8192835255336718
0.8243513835728905
0.8290622345812602
0.8307440098603865
0.8319188704685528
0.8301884283116746
0.8241689032565049
0.8182780035028713
0.8082512874749929
0.7990537290625898
0.7791228940995112
0.7745664763731276
0.7637131802610216
0.7528966516655659
0.7416119048311249
0.7335616421117889
0.7311052327394844
0.7334036753569735
0.7409623711964843
0.76260403097397
0.762651184903863
0.7606762968380468
0.7474013674838068
0.7384559489492495
0.7379388526383994
0.7869091678285698
0.8041842697729472
0.8421233402139616
0.8121656783002384
0.8604497308550613
0.8469629812814973
0.824599088988061
0.8400554742200725
0.8373529546890205
0.8423992496956297
0.7874449591618443
0.8327307753617655
0.8290098752835284
0.8328850219426543
0.7858060870193903
0.7857606555382955
0.7851551932772122
0.8287575709071725
0.7756627366648935
0.77301350771667
0.8303017730786552
0.7814520382523836
0.8336269406847985
0.8301102367129998
0.8276463537910054
0.7803185980352967
0.7714948189168883
0.7691899306498963
0.7704922046859833
0.7693181236002369
0.7654146227635947
0.7735699814115552
0.780889269179989
0.7725405404716509
0.7541976571669184
0.7532360696060355
0.7235847323985135
0.7189914306018123
0.709364825951235
0.6929906152163543
0.6683664748594489
0.672254009803082
0.6678263690689531
0.6697044480492513
0.6762620672873627
0.6860674491039026
0.6840207999025896
0.7145366278140446
0.727715403019054
0.7452863262659122
0.7601170492173199
0.7727835533902578
0.7767028616590153
0.7857111174860005
0.7902553152754227
0.7901718247080305
0.7913004739008833
0.7868896462397088
0.784536904598985
0.7714020874195114
0.7600703823567034
0.7452634590017422
0.7301096572255201
0.7124812891105897
0.6935370896816193
0.683412604914475
0.6699103515036701
0.658866715841255
0.6634364442044002
0.7319341520220087
0.6988241977171259
0.7564988696486237
0.7614066633264102
0.7649884429534134
0.7703653257694003
0.7686295709156422
0.8281127357481798
0.8417131505416392
0.8510504613762128
0.8461848019139443
0.8537871072825197
0.8570318626559337
0.8494447401316507
0.8491295360906966
0.8434705589321275
0.8409107699711909
0.8385174411773606
0.8361168743709079
0.8320719863094481
0.8299164219640985
0.8351564804643372
0.8373944185437437
0.8345162962588673
0.8330016423951192
0.8475281911350109
0.847520189611019
0.8324701169335361
0.755860972574445
0.7821497113684337
0.7695516017877313
0.7901210699970441
0.7655456606883633
0.7013720314826462
0.6899764418303495
0.7162235337321415
0.6628049987027474
0.6561609215210349
0.6869403623763397
0.6853115336520074
0.6385235980550475
0.6397351777593835
0.6551832785272309
0.6624638993255301
0.6752717197824192
0.687216234964268
0.6871638364784689
0.6973857000561081
0.7086811204030236
0.7250810851151691
0.7336253404918116
0.7379053104413177
0.7508897590497742
0.7582489481279735
0.763869210042965
0.7686560744940724
0.7715629710731585
0.7703716212020568
0.7668045422602939
0.7681659844046318
0.7620149613916716
0.7471475009957447
0.7372579024833451
0.7271795542574754
0.7098611982697193
0.6956579946489934
0.6954518155069733
0.6836614116488888
0.6696626024275423
0.6600611445948409
0.6549715332542407
0.6532223275302715
0.6579549190172472
0.6536623359264654
0.6587598602695862
0.6892292225418178
0.7058200020335985
0.731622220231421
0.7407038700586038
0.6810150756904813
0.6874818359626143
0.8223544236233626
0.726373990780702
0.7707317778874293
0.7700754458641249
0.7701936659110296
0.7697222699190319
0.7361088882299379
0.7682619953118066
0.814391654761757
0.8134760799618289
0.6786309763674289
0.6719031551085771
0.6708298447009362
0.6989413859428554
0.6708593228892635
0.6561861797117171
0.6430599183149737
0.6475527261083681
0.6454927408443317
0.6561381409452348
0.6623455899551524
0.6607189804448502
0.6753314735292292
0.6889315323732222
2.7574197814735766
2.7574197814735766
0.7295729307604572
0.7476859480140944
0.764341382579957
0.7767718152857067
0.7872451858557529
0.7961000177042519
0.802316491176967
0.8127374083473087
0.8175753750086933
0.8265054283462806
0.8310522022298107
0.8357265141335201
0.8371809905166179
0.8376631792818098
0.8353201105945377
0.8323612891178914
0.8246392572389792
0.8105130639452843
0.797146281686486
0.796742469606931
0.7849352075203136
0.7703601759985407
0.7603773372267268
0.738821779487204
0.7241401997529552
0.7132527340902467
0.7089474750461083
0.7159040086416735
0.7177016144375736
0.7320035491376593
0.7458370992339401
0.7400480731173801
0.8343460474201899
0.7404863507786144
0.7354145657809922
0.7362130692485765
0.7191813709646961
0.8311414439292287
0.8062867270911496
0.8066003282501834
0.8198866740025709
0.8100509275009504
0.8093413952969396
0.7916983888424387
0.7925858899614577
0.7770287444155796
0.7726884326597342
0.7289539872389338
0.7253447536402592
0.7345667710874927
0.7272748101223147
0.7163110590718271
0.7124350712662895
0.7217370336335736
0.7167302814683681
0.7075717342807742
0.6991996786271097
0.7006308682980213
0.6871718330808048
0.6868985737113477
0.6944903673037855
0.7031159901993229
0.714488477385861
0.7229981321711275
0.7310144971289226
0.7429832015646127
0.7556937697102626
0.7694581432270695
0.7810922221915005
0.7916881439038119
0.8066011458464788
0.8059398272442839
0.8145696383792377
0.8195708055491985
0.8227928251611246
0.8259075013348457
0.8236222574273254
0.8167296052242671
0.8087259411120548
0.8086886884893042
0.7988928454148967
0.7840010264013682
0.7735798848680415
0.7584617359317891
0.7446611441298772
0.7292109341561885
0.7181243940590025
0.7116968243733309
0.709031135224717
0.7127112379019523
0.7191186208609177
0.7445400327309596
0.7586891765206281
0.7449778185861925
0.7456909187132035
0.8220565734328623
0.8466137137856353
0.8814351608576251
0.8788724442600025
0.8819237452794814
0.9004101316168864
0.8766641738282116
0.8720066311527148
0.8657796240905079
0.913250528073631
0.8603929745696224
0.8518493807119027
0.8482339001231597
0.8479783655622872
0.83499043999124
0.7972144937848511
0.792977331077428
0.8178084650531965
0.7778301957449021
0.7906319762885101
0.7348090442348243
0.7278264008809624
0.7676602731994701
0.7590973889469209
0.7592624242841234
0.7356619594641935
0.7445128042398965
0.7489593146424677
0.7663813278704608
0.7611244928546034
0.7353645210294918
0.7479186440341367
0.7601957575138218
0.7715531909697447
0.778534179663525
0.7834433794034292
0.7928676654458587
0.7956696200255783
0.7985206061486334
0.8056373351194935
0.8044997238826302
0.8041390442284168
0.796467171851842
0.7879075415641523
0.7876307706640493
0.7806485939497284
0.7692467805218924
0.7558089996617469
0.7398234165345371
0.7317712499425155
0.7183774723302918
0.7123261957250699
0.7592299747831913
0.7219928365441776
0.7312591634349355
0.7401037582737154
0.8129225753616862
0.8199999024711515
0.7877872355015
0.8034574385443303
0.795284217948939
0.8003858560682358
0.8745988072760273
0.820735285671757
0.8232395866568117
0.7894786478815866
0.8193411197781851
0.9009430727126924
0.7920072338502531
0.7898603198051036
0.8601990712885491
0.8587654247635595
0.8591739876906206
0.8590877328037209
0.8610501423329135
0.8675834938095837
0.8479924436086032
0.7948956698112828
0.8232308428273919
0.7926357785284325
0.8237053717528964
0.7920051206174697
0.7403764241066999
0.7272828346121724
0.7273832753978643
0.7628414069653073
0.7523016729095606
0.7415020691518555
0.7389102026836675
0.7510235773745124
0.7547186539284716
0.7705769080563001
0.7468456530182358
0.7705081925469837
0.7852686262847559
0.796885633267541
0.8057343692397804
0.8176564748861129
0.8181371352080467
0.8186364571222172
0.8310859408030519
0.8309667132294523
0.8200052021463757
0.8145415032746132
0.8149649407762423
0.8069104037282611
0.7949809776668416
0.7834045709344625
0.7758000417044425
0.755087631880945
0.740413280052135
0.7322568737150578
0.7311137294233395
0.7296205881667471
0.7306982188449254
0.7446624946949527
0.7585351793464481
0.7517164186589026
0.7604349925701029
0.7943750133524337
0.8005325912485829
0.9464643958827276
0.9432711028342186
0.9478612583890867
0.9479100887697192
0.9516112083666477
0.9608627501738736
0.9547253535137818
0.9565787296284709
0.9006609493330974
0.8934077316629717
0.8888643508766634
0.8729776234408784
0.8675135385172661
0.8618018661893639
0.8543613327044529
0.8377875336182405
0.8338128183681499
0.842667060411036
0.8284223487819411
0.7952619641970419
0.7835458383194063
0.8208250381405637
0.7949973023997263
0.7939815301196519
0.7892750315134
0.7258830983351358
0.7151992176763756
0.7450645271818059
0.7493340504123862
0.7171960526923865
0.7312736225063565
0.738648104710054
0.758445105392601
0.7781602922377167
0.7905207579722835
0.7981089320956974
0.8112805405765273
0.8220094438772119
0.8286227725617874
0.8324429929235942
0.8344146556705335
0.8351384048082605
0.833214852436021
0.8331225014412567
0.8274920042473882
0.8147149121117379
0.8018598425832363
0.789684420181447
0.7753614626470922
0.7613598615374787
0.7436813996672088
0.7315234022143411
0.7278306461428922
0.7234749000225571
0.7220110367859806
0.7249195382796708
0.7376078862326543
0.7608735847605415
0.7548015201162009
0.8538656802458675
0.8033706945447397
0.7989805515087458
0.8082389289396118
0.808766954459828
0.9505992774655032
0.9556462914200502
0.9539973998694956
0.9706715434765187
0.9709640615857092
0.9738886026684006
0.9675285665844685
0.975297267657964
0.9563667240852686
0.9544665044449953
0.8721685948997685
0.872069522971454
0.8516490624486549
0.8574127780640698
0.8649643144766781
0.7721247808685552
0.7735746756287014
0.813712919050913
0.7645900510179092
0.7645983787424835
0.7902049940419191
0.7234377058569955
0.7141518743945318
0.745791981786632
0.7509134489069086
0.764150361792159
0.7679149724636879
0.7756991419357264
0.7548249117682644
0.7728005109615177
0.7932804443823968
0.8102553331339887
0.8189436673947935
0.8307895959225948
0.8408470916714205
0.8483460126170153
0.8530886542108741
0.8569570221478214
0.8575787298569999
0.8575403990704358
0.8572095811767135
0.8511199075695843
0.8420468224314582
0.8324573574098836
0.821600799729079
0.8075390359391436
0.7940941257733064
0.7711919488502869
0.7521387560175299
0.740427545389745
0.7366188919663244
0.733863958083703
0.7308671280243286
0.7379114822635372
0.7974536648387962
0.8047121759648046
0.7944701791966126
0.7912467950137653
0.8458303893649184
0.8460806614977052
0.8377717393967273
0.8427843136307727
0.8817654328701071
0.8273152244728392
0.8386434302449856
0.8571976870862845
0.8509965928056659
0.8804865331752574
0.8389105926802252
0.8429715527793754
0.8370810904779632
0.8433519120946684
0.8678805248372902
0.8262427920486372
0.8331751078684273
0.8393600077061265
0.8238608703197836
0.8144678253978245
0.7547785531301224
0.7548241432259027
0.746136795741655
0.7215006181653908
0.7106418357762051
0.7195123959192647
0.7039241548900583
0.6944707870606237
0.7045352823442759
0.7142060628345369
0.7283992333881301
0.7441998434974111
0.7570374488753633
0.7778501389701846
0.8040451366179101
0.818229633566957
0.8280304589537202
0.838262457728684
0.842072934380378
0.8440069338897157
0.8430577573650635
0.8429568603310378
0.8384580868108968
0.8323989581571141
0.8253843387238106
0.813622163536749
0.8033872508944926
0.7884991965016063
0.777053203614423
0.7607206862925113
0.7449075982510451
0.7320127658496317
0.7296636244972736
0.7281249736487133
0.7274437388176939
0.7325131630276069
0.7519815256926806
0.747046651960056
0.7312601613734229
0.726711105992868
0.7256014706058477
0.7200525971772588
0.7211725976568927
0.736206382759227
0.7371319409718294
0.7205212056106505
0.7166918514608462
0.8482662273956924
0.7888199693279676
0.7294426019480466
0.7161150226922871
0.7135789600640446
0.7213792151819048
0.8247158611332664
0.8294135179169675
0.7310612895776689
0.7290398857785301
0.7209953841911384
0.7545338463630916
0.7539066392114815
0.7323845884301103
0.7331755001212942
0.7169265509121299
0.7042505385639941
0.702624532421652
0.7075776982058652
0.7148700659712793
0.7264964309325388
0.7388953777677767
0.7630124950018841
0.7752003875085526
0.7996807679541468
0.8239661256865324
0.8386718267816375
0.8523652856692822
0.8559959429560557
0.8572683441599245
0.8545798488357809
0.8479710522449457
0.8395522573827672
0.8250994140723787
0.8251624150691136
0.811173400594668
0.7944725632535616
0.7802078593741011
0.7561625691588476
0.7418466449935351
0.7247396624826522
0.6995820690722541
0.695262088538178
0.6885965670689514
0.6952107793540538
0.7118243139968132
0.7336642070179126
0.7871991079814739
0.8063726146590328
0.776984523254619
0.8119400002379772
0.8545781167333621
0.8635732961580739
0.8511675899305817
0.8536918524972793
0.8627598310378266
0.8843732739112545
0.8614520967904972
0.8694634382457261
0.8659566637122325
0.8586730805776265
0.8441325540897233
0.8274212448659262
0.8347950184921276
0.83271541828935
0.8222705615251888
0.8193090523930583
0.8109667449025126
0.7606558473653288
0.7834403607335371
0.7813505459604677
0.7182852137204244
0.7074817823835324
0.735351749383221
0.7351407627129932
0.7437849220036356
0.7037212729576523
0.7171694025512592
0.7681439857565949
0.7475567757422873
0.7730195701084777
0.7971700591770653
0.8203890865060233
0.84032343909908
0.855522114055304
0.8657641600553359
0.870066146061256
0.8695959486216479
0.8646446622965296
0.8544463886613524
0.8396878435000886
0.8259451672779357
0.8067382700342195
0.7892622631197735
0.7892756771177354
0.7752770329945448
0.7556560323975211
0.7409918071024462
0.7262608128452711
0.7169585424543605
0.7145746902451168
0.7217834524536114
0.7316652661806469
0.7553195524786289
0.7787949508964195
0.8295257915295707
0.7309950551045344
0.8632935672180624
0.8765873137852744
0.8709806135543421
0.859679017932559
0.8643447195775146
0.8554065064129628
0.8557496727239802
0.855804189000451
0.8609248764572514
0.8465751384724154
0.8401445838050403
0.836316018960436
0.8282815553591973
0.8313393417427597
0.8325319123433764
0.8316882713933429
0.8285211193038012
0.8441389838634631
0.8244452514710618
0.7722773730817741
0.8030130358989582
0.8031350901398411
0.7354183014408893
0.7289293378644839
0.7244967188327668
0.7246707353417795
0.7286630600196627
0.7287293150986971
0.7355768703330214
0.7458185899601139
0.762660637697097
0.7802194971004265
0.7963775101472338
0.8161605038870953
0.835812010315994
0.8459909373181599
0.857667839190821
0.8664967531215216
0.8691718143760564
0.8707590951086644
0.8689372102392912
0.8586296365655256
0.8443740509190691
0.8314116558499809
0.8171957307137414
0.8013557805597717
0.7845444285866922
0.7849548532332798
0.7710246549750779
0.7587090212772681
0.7539731019877303
0.7521754008176336
0.7521679136591092
0.7597414856198116
0.8295922174089372
0.7891159864959087
0.8387731392259051
0.8335236879894323
0.8426988841289943
0.8417935947183945
0.8533145386135811
0.8469196609177728
0.8444880082466292
0.8530583238626617
0.8334170690693798
0.8276514877503645
0.8139698491611812
0.8121369311375283
0.7716052917689281
0.8104676561031124
0.8089419295501804
0.8167908280745835
0.8151706485860892
0.8082221240757304
0.8198032424734585
0.8249464012611409
0.8097851925799082
0.8081089874221673
0.781997542940788
0.7724513823654017
0.7684517842607195
0.7113285536014472
0.7155973242501458
0.7396256480716223
0.7157263831248954
0.716143665559035
0.730850502605247
0.7310145346785657
0.7455774448453407
0.7787344389073076
0.7841350433254127
0.798975623017557
0.8166832901866209
0.8337379605657538
0.8423683108608835
0.850139356724795
0.8530463555863335
0.8522763536813618
0.8507247921213589
0.8394188772942931
0.8322152989716206
0.8219995373800804
0.8080601314660608
0.7943661265927227
0.7796783948792979
0.771213256014966
0.7659659312815492
0.7663997968545131
0.7669819426046024
0.76307106020012
0.7677599706396779
0.7632460752751865
0.7834226514504194
0.7985132426429129
0.7720345099289961
0.7764524296393392
0.849996216871314
0.8660188601602344
0.8802715605613738
0.8391367156273503
0.8534040590460852
0.8534044128957737
0.8556126839229895
0.8626237476058191
0.8608499366462793
0.8820310989556192
0.8589943397731129
0.8591214220362243
0.852635704712743
0.8332155403914983
0.8546700703917561
0.8284370810036292
0.8423667505998892
0.8388438519873628
0.8280668738583609
0.8331900026379372
0.7700907714106224
0.8150938265055628
0.7834374388648723
0.7860007820710191
0.8188834417417971
0.7969804401201841
0.817667286829601
0.8680455133427607
0.8645789334940479
0.8904001757852076
0.9056997744225126
0.9056035744016803
0.9112311118146029
0.9189955806257887
0.9226423900564875
0.9245763675195346
0.9259151233423852
0.9254261801289743
0.9241308010077216
0.9200348830091818
0.9116031250913295
2.7574197814735766
0.8896615089705623
0.8725203506857347
0.853050081839841
0.833710577699149
0.818412623689493
0.8027977467572943
0.789346719931306
0.7780784579834176
0.7756144949388142
0.7756142136504065
0.7753538504558712
0.7818934058143716
0.7822744311720522
0.7706140126385285
0.7539066064972975
0.7536009450016143
0.7792508130770209
0.7793307688585701
0.8264696798964521
0.8141669716043712
0.8405758222870872
0.8324418550831593
0.816900316779842
0.8123463631102802
0.8218848814518178
0.774556584900136
0.7829427594982175
0.7849060324080158
0.7174212602027166
0.7170437774390982
0.7983141966887036
0.7328908883406028
0.7898024660821632
0.773749375447626
0.7650920973706961
0.7258058266580701
0.7418282399695567
0.7378407523125275
0.7250230491754057
0.7327182719906067
0.7484473653046753
0.7638019601931625
0.7821657728093422
0.8039322357415887
0.8194980536241133
0.8346545385798685
0.8468797573907212
0.8646951387378603
0.874427943742127
0.8745047902203867
0.8850787702554564
0.8940477286598023
0.9000653706282645
0.9015321601526107
0.9026114085679319
0.9002766198191329
0.8906876058952798
0.8829768319266167
0.8711354075544508
0.8575423014063828
0.8359263392093491
0.8155820024029037
0.7941104058579477
0.7769476631009993
0.7664408629181955
0.7582249973043537
0.7447239491452661
0.7423207626527296
0.7498952098778149
0.749925669889669
0.7579541064509596
0.7624311178144015
0.7271826968599925
0.7324297391584933
0.7142311102288639
0.7534428838204001
0.8318105528403483
0.8323133445150818
0.8345769855416266
0.8321845268013004
0.8297086965604883
0.8274370040021505
0.8254250962678702
0.8300549655240289
0.8203199575775195
0.8209234207338418
0.8317506802669057
0.8706690868845235
0.8345093771830073
0.8740838318142246
0.8137542519118448
0.7547098034897906
0.7489474193933627
0.7100072576254717
0.7117832552948519
0.7260173541755968
0.7319092377751629
0.7159132471889618
0.7215206262841052
0.7305062468107136
0.7360109980035602
0.7501410298105474
0.7710082548867764
0.7850179966042069
0.8007006938142914
0.810366001739669
0.8208600571527023
0.8286545277649372
0.8356142692707816
0.8356320835849469
0.8439267082819962
0.8473142832669228
0.8488510558288096
0.849709010547869
0.8465584847301744
0.8436742813365717
0.8359207540946741
0.824511111942446
0.8112555477350399
0.7965175221071527
0.7847280552846166
0.7716387727591126
0.7503909340318512
0.7322748798964123
0.7220759570921366
0.7162264204545566
0.7200931846704028
0.7155169518325726
0.715289430643386
0.7311023935891188
0.70126288605473
0.7348979513300365
0.717786226475007
0.7626036070875728
0.712111003090729
0.701419405561999
0.8228426605627658
0.8442909974650417
0.8080773125358802
0.8399370980420212
0.8465436395114798
0.8461689009870904
0.8440210636172208
0.8347837030088947
0.8442185460492724
0.8394399159261967
0.8151185924070729
0.8068603355385303
0.8058337354257152
0.7592715866158787
0.7585300326531157
0.8071444401575847
0.7824597493523299
0.712290052870656
0.695269717277772
0.6887395788753267
0.685270419800547
0.6831108256665003
0.6814719090815975
0.6896368479703525
0.7434291432036979
0.7160657461126418
0.7270766252479128
0.7373394868375077
0.748566129489124
0.7601259191832539
0.7774784150400458
0.7778255600377858
0.7774489377152936
0.7850719008874489
0.7908682546993995
0.7951431239638751
0.7986825641481983
0.7993998354894865
0.7956732092709197
0.7902932275439946
0.7853129303735162
0.7737376363939523
0.7640339902803088
0.7563308144509939
0.7426351864808739
0.7344323160000985
0.7185989633846607
0.7159156189762749
0.7140772355925514
0.7110437290983467
0.7172033113939162
0.7267509984321747
0.7265265523010911
0.7340797939437375
0.7032610365352003
0.7145521884368411
0.7588058895812074
0.858328689987318
0.8371025471795608
0.8484922685715736
0.8455606356863464
0.8426330534897835
0.8446877839294435
0.8430675262311769
0.8448185249614943
0.8415980973794047
0.835787842282659
0.8301963648276852
0.8374941218082024
0.8329322486687818
0.8364275520958757
0.8291621518844233
0.8286933763848946
0.8011666992839985
0.7856321918784701
0.7772644294617459
0.7762054720957294
0.7572767440796242
0.7153458861297951
0.7536967754659564
0.751200745702842
0.7494341768620194
0.7683429121831278
0.7690702961388698
0.7827880799807165
0.7667841595811054
0.7792534795783806
0.7896132029047459
0.7945664900869868
0.7985685940330952
0.8042146158625195
